3.349189999999999827e+02
1.500083534575720478e+03
1.646029999999999973e+03
2.875000000000000000e+01
9.800020190710437840e-01
9.500000000000000000e+01
1.000000000000000000e+00
0.000000000000000000e+00
5.000000000000000000e+00
7.500000000000000000e-01
8.000000000000000000e+00
3.000000000000000000e+01
2.500000000000000000e+03
1.000000000000000000e+00
0.000000000000000000e+00
8.084700000000000273e+02
3.000000000000000076e-05
8.926999999999999602e+01
1.000000000000000000e+00
0.000000000000000000e+00
3.000000000000000000e+01
1.109999999999999964e+01
8.926999999999999602e+01
1.140000000000000041e-01
1.000000000000000000e+00
0.000000000000000000e+00
1.000000000000000000e+00
