-2.573669999999999907e-04
2.000095144682881099e+01
1.000000000000000000e+00
5.000000000000000000e+00
9.999999999999899594e-03
8.500000000000000000e+01
1.000000000000000000e+00
0.000000000000000000e+00
5.000000000000000000e+00
7.500000000000000000e-01
8.000000000000000000e+00
3.000000000000000000e+01
1.250000000000000000e+02
1.000000000000000000e+00
0.000000000000000000e+00
8.084700000000000273e+02
3.000000000000000076e-05
8.926999999999999602e+01
1.000000000000000000e+00
0.000000000000000000e+00
3.000000000000000000e+01
1.109999999999999964e+01
8.926999999999999602e+01
1.140000000000000041e-01
1.000000000000000000e+00
0.000000000000000000e+00
1.000000000000000000e+00
